---
images/joseph-gonzalez-sm.jpg: 2022-03-18 01:42:12.847081036 +01:00
images/joseph-gonzalez.jpg: 2022-03-18 01:42:12.801082015 +01:00
images/image.png: 2022-03-15 11:59:15.375020900 +05:30
images/logo.png: 2022-03-18 01:42:12.347091681 +01:00
