---
images/joseph-gonzalez-sm.jpg: 2022-03-18 02:01:37.886147312 +01:00
images/joseph-gonzalez.jpg: 2022-03-18 02:05:57.438064811 +01:00
images/image.png: 2022-03-15 11:59:15.375020900 +05:30
images/logo.png: 2022-03-18 02:01:37.886147312 +01:00
